MINOS 5.5: MINOS 5.5: optimal solution found.
59 iterations, objective 0
Nonlin evals: constrs = 199, Jac = 198.
Objective = find a feasible point.
a = 0.0261245
b = 0.248966
e = 0.0653112
P = 100
H = 9.99995
L = 0.124462

