MINOS 5.5: MINOS 5.5: the objective has not changed for the last 200 iterations.
21048 iterations, objective 0
Nonlin evals: constrs = 2, Jac = 1.
Objective = find a feasible point.
A_1 = 1e-05
A_1w = 1.97285e-09
A_2 = 0.00720001
A_b = 5.77465
B_V = 0
F_H = 3.75
I_y = -2.40845e-05
L = 12
M = 0
N_1 = 0
N_1pl = 2350
S = 7.66156e-12
T_d = 123343000
V_1 = 0.243338
V_1pl = 0.267671
V_2 = 888071
V_2pl = 976878
V_f = 1e-12
Z_1 = 3.51812e-08
a = 1.64404e-07
a_N = 7.66156e-07
b = 0.1
b_s = 1e-05
c = 0
c_V = 0.00085
c_n = 0.000416667
d = 0.0999993
d_v = 0
e = 0.7
h = 0.1
n_d = 1
n_h = 15.7143
q = 0.0945
q_sc = 0.04
t = 0
t_fs = 0.03
t_s = 0.12
t_w = 0.012
w_l = 0
x = 0.8
y_1 = 0.85
y_2 = 1.55

