MINOS 5.5: MINOS 5.5: optimal solution found.
4 iterations, objective 0
Objective = find a feasible point.
I1 = 10
I2 = 0.56909
I3 = -0.31183
I4 = 0.53206
I5 = 0.25726
I6 = 0.296239
I7 = 0.828299
I8 = 0.259209
I9 = 0.0389788
Is = 10.8283

