MINOS 5.5: infeasible problem (or bad starting guess).
276 iterations
Nonlin evals: constrs = 471, Jac = 470.
Objective = find a feasible point.
D = 0.3
X1 = 1
X2 = 0.452903
X3 = -98.758
X4 = -94.2564
X5 = 0.457456
Y1 = 0
Y2 = 0
Y3 = 32.0235
Y4 = 718.038
Y5 = 686.015

