MINOS 5.5: infeasible problem (or bad starting guess).
598 iterations
Nonlin evals: constrs = 536, Jac = 535.
Objective = find a feasible point.
x1 = 0.65943
x10 = 0.241566
x11 = 0.183297
x12 = 0.131022
x13 = 0.160335
x14 = 0.189318
x15 = 0.265399
x16 = 0.29081
x17 = 0.224945
x18 = 0.222783
x19 = 0.253648
x2 = 0.0292438
x20 = 0.265886
x21 = 0.216953
x22 = 0.190217
x23 = 0.209057
x24 = 0.211797
x25 = 0.197611
x26 = 0.213648
x27 = 0.199882
x28 = 0.19427
x29 = 0.213928
x3 = 0.136291
x30 = 0.196895
x31 = 0.210185
x32 = 0.211467
x33 = 0.209042
x34 = 0.214247
x35 = 0.211768
x36 = 0.21263
x37 = 0.211609
x38 = 0.159607
x39 = 0.0857657
x4 = 0.17481
x40 = 0.00155583
x5 = 0.312265
x6 = 0.299216
x7 = 0.130029
x8 = 0.203007
x9 = 0.266358

