MINOS 5.5: unbounded (or badly scaled) problem.
72 iterations
Nonlin evals: constrs = 126, Jac = 125.
Objective = find a feasible point.
x1 = -5001780
x10 = -6.2293e+10
x100 = 78.3436
x101 = -55.8412
x102 = -64.9578
x103 = 22.0825
x104 = 48.6651
x105 = -2.9179
x106 = -32.7373
x107 = -5.49701
x108 = 20.7479
x109 = 8.83227
x11 = 51828600000
x110 = -11.4194
x111 = -8.27472
x112 = 5.92368
x113 = 7.18303
x114 = -1.9562
x115 = -4.94814
x116 = 0.420096
x117 = 3.67401
x118 = 0.874024
x119 = -1.94879
x12 = -17417200000
x120 = -0.753621
x121 = 1.40415
x122 = 1.11866
x123 = -0.38258
x124 = -0.546892
x125 = 0.412043
x126 = 0.747359
x127 = 0.189153
x128 = -0.165304
x129 = 0.122066
x13 = 1e+08
x130 = 0.425392
x131 = 0.305942
x132 = 0.0761966
x133 = 0.101404
x134 = 0.260026
x135 = 0.28068
x136 = 0.180135
x137 = 0.142701
x138 = 0.20069
x139 = 0.239241
x14 = 1788340000
x140 = 0.209793
x141 = 0.177231
x142 = 0.189126
x143 = 0.213581
x144 = 0.211461
x145 = 0.194727
x146 = 0.192191
x147 = 0.202664
x148 = 0.20667
x149 = 0.200376
x15 = -7331350000
x150 = 0.195899
x151 = 0.198884
x152 = 0.203131
x153 = 0.204214
x154 = 0.20579
x155 = 0.211124
x156 = 0.215671
x157 = 0.209132
x158 = 0.179728
x159 = 0.118556
x16 = 11353400000
x160 = 0.037135
x17 = -6023460000
x18 = 1e+08
x19 = 100249000
x2 = -4403650
x20 = 1e+08
x21 = 1861640000
x22 = -2023730000
x23 = 229003000
x24 = 288388000
x25 = 264107000
x26 = 33037500
x27 = -547369000
x28 = 230309000
x29 = 152017000
x3 = -3696760
x30 = 9254210
x31 = -113191000
x32 = -81339700
x33 = 123201000
x34 = 26519300
x35 = -41479900
x36 = -39410400
x37 = 15098600
x38 = 39968200
x39 = -11428800
x4 = 1888930
x40 = -21360800
x41 = -1417440
x42 = 14589600
x43 = 5581360
x44 = -10226900
x45 = -4487250
x46 = 4709810
x47 = 4494750
x48 = -2021840
x49 = -3733600
x5 = 4693.22
x50 = 768396
x51 = 2430620
x52 = 186098
x53 = -1600950
x54 = -529873
x55 = 989630
x56 = 538567
x57 = -499806
x58 = -488905
x59 = 216748
x6 = 8001810
x60 = 383060
x61 = -62271.4
x62 = -262470
x63 = -24314.5
x64 = 169793
x65 = 56849
x66 = -100807
x67 = -60209
x68 = 51875.2
x69 = 52667.1
x7 = 2059210
x70 = -22088.1
x71 = -40389.1
x72 = 5393.63
x73 = 27915.9
x74 = 3114.84
x75 = -17855.7
x76 = -6293.83
x77 = 10419.3
x78 = 6601.72
x79 = -5339.99
x8 = 1189860
x80 = -5659.5
x81 = 2216.5
x82 = 4288.55
x83 = -468.048
x84 = -2954.37
x85 = -388.848
x86 = 1873.26
x87 = 700.668
x88 = -1080.37
x89 = -719.028
x9 = -36425700000
x90 = 547.901
x91 = 607.739
x92 = -220.606
x93 = -455.723
x94 = 39.6117
x95 = 312.318
x96 = 47.7149
x97 = -196.059
x98 = -77.6571
x99 = 112.293

