MINOS 5.5: infeasible problem (or bad starting guess).
892 iterations
Nonlin evals: constrs = 492, Jac = 491.
Objective = find a feasible point.
x1 = 0.640653
x10 = 0.25312
x11 = 0.20997
x12 = 0.182564
x13 = 0.232134
x14 = 0.257658
x15 = 0.24898
x16 = 0.208735
x17 = 0.20364
x18 = 0.212434
x19 = 0.201679
x2 = 0.0700931
x20 = 0.205249
x21 = 0.207709
x22 = 0.20033
x23 = 0.198242
x24 = 0.200119
x25 = 0.203177
x26 = 0.2091
x27 = 0.198552
x28 = 0.199089
x29 = 0.200591
x3 = 0.0760183
x30 = 0.208289
x31 = 0.21389
x32 = 0.198152
x33 = 0.197773
x34 = 0.197017
x35 = 0.197868
x36 = 0.205975
x37 = 0.210585
x38 = 0.197823
x39 = 0.199987
x4 = 0.17446
x40 = 0.204432
x41 = 0.208282
x42 = 0.200056
x43 = 0.199562
x44 = 0.199106
x45 = 0.197313
x46 = 0.199943
x47 = 0.20804
x48 = 0.206017
x49 = 0.198583
x5 = 0.277248
x50 = 0.200236
x51 = 0.204512
x52 = 0.208617
x53 = 0.199557
x54 = 0.199089
x55 = 0.198377
x56 = 0.198898
x57 = 0.203813
x58 = 0.206742
x59 = 0.198457
x6 = 0.340156
x60 = 0.20026
x61 = 0.201278
x62 = 0.20289
x63 = 0.200037
x64 = 0.198939
x65 = 0.199802
x66 = 0.207567
x67 = 0.198621
x68 = 0.199259
x69 = 0.203414
x7 = 0.124473
x70 = 0.203262
x71 = 0.198885
x72 = 0.198927
x73 = 0.200992
x74 = 0.205486
x75 = 0.209216
x76 = 0.210638
x77 = 0.209437
x78 = 0.192168
x79 = 0.15102
x8 = 0.169677
x80 = 0.0797074
x9 = 0.229163

