MINOS 5.5: optimal solution found.
9 iterations, objective 0
Nonlin evals: constrs = 20, Jac = 19.
Objective = find a feasible point.
a20 = 0.779008
a21 = 4.33908
a22 = 9.34873
a23 = 9.78828
a30 = -0.00189503
a31 = 0.0120632
a32 = -0.0471639
a33 = 0.146701
a34 = -0.399652
a35 = 1

