MINOS 5.5: too many major iterations.
8 iterations, objective 0
Nonlin evals: constrs = 66, Jac = 65.
Objective = find a feasible point.
x1 = 0.589034
x2 = 0.597845
x3 = 1.65403
x4 = -1.24494
x5 = 3.93544
x6 = -3.34305
x7 = -3.18836
x8 = -1.24551

