MINOS 5.5: too many major iterations.
90 iterations, objective 0
Nonlin evals: constrs = 217, Jac = 216.
Objective = find a feasible point.
z0 = 841976
z1 = 0.0314805
z2 = 0.0324727
z3 = -841975
z4 = -0.000859733
z5 = -0.0027624

