MINOS 5.5: optimal solution found.
0 iterations, objective 0
Nonlin evals: constrs = 5, Jac = 4.
Objective = find a feasible point.
x1 = 0.257833
x10 = 0.427326
x2 = 0.381097
x3 = 0.278745
x4 = 0.200669
x5 = 0.445251
x6 = 0.149184
x7 = 0.43201
x8 = 0.0734028
x9 = 0.345967

