MINOS 5.5: optimal solution found.
0 iterations, objective 0
Nonlin evals: constrs = 4, Jac = 3.
Objective = find a feasible point.
x1 = 0.254285
x10 = 0.426511
x2 = 0.378423
x3 = 0.271585
x4 = 0.19808
x5 = 0.441668
x6 = 0.146444
x7 = 0.429372
x8 = 0.070565
x9 = 0.345049

