MINOS 5.5: infeasible problem (or bad starting guess).
94 iterations
Nonlin evals: constrs = 169, Jac = 168.
Objective = find a feasible point.
c1 = 0
c2 = 0
c3 = 0
c4 = 0
c5 = 0
c6 = 0
s1 = 0
s2 = 1.05814
s3 = 4.99278
s4 = -9.18988
s5 = 1.62141
s6 = 0

