MINOS 5.5: optimal solution found.
7 iterations, objective 0
Nonlin evals: constrs = 5, Jac = 4.
Objective = find a feasible point.
l0 = 0
l1 = 0.0125772
l10 = 0.776375
l11 = 0.944073
l12 = 1.1307
l13 = 1.33697
l14 = 1.56365
l15 = 1.81151
l16 = 2.08136
l17 = 2.37406
l18 = 2.69047
l19 = 3.03151
l2 = 0.0382061
l20 = 3.39815
l21 = 3.79136
l22 = 4.21219
l23 = 4.66171
l24 = 5.14105
l25 = 5.65137
l26 = 6.1939
l27 = 6.76991
l28 = 7.38073
l29 = 8.02774
l3 = 0.0773795
l30 = 8.71239
l31 = 9.43619
l32 = 10.2007
l33 = 11.0076
l34 = 11.8586
l35 = 12.7554
l36 = 13.7001
l37 = 14.6944
l38 = 15.7406
l39 = 16.8406
l4 = 0.130609
l40 = 17.9969
l41 = 19.2117
l42 = 20.4874
l43 = 21.8268
l44 = 23.2324
l45 = 24.7072
l46 = 26.2541
l47 = 27.8762
l48 = 29.5768
l49 = 31.3593
l5 = 0.198425
l50 = 33.2273
l51 = 35.1847
l52 = 37.2353
l53 = 39.3835
l54 = 41.6335
l55 = 43.9901
l56 = 46.4581
l57 = 49.0426
l58 = 51.749
l59 = 54.5831
l6 = 0.281379
l60 = 57.5508
l61 = 60.6584
l62 = 63.9128
l63 = 67.3208
l64 = 70.89
l65 = 74.6282
l66 = 78.5438
l67 = 82.6456
l68 = 86.9429
l69 = 91.4455
l7 = 0.380045
l70 = 96.164
l71 = 101.109
l72 = 106.293
l73 = 111.729
l74 = 117.428
l75 = 123.406
l76 = 129.678
l77 = 136.259
l78 = 143.167
l79 = 150.419
l8 = 0.495017
l80 = 158.034
l9 = 0.626913
u1 = 80.4926
u10 = 71.2159
u11 = 70.1547
u12 = 69.0875
u13 = 68.0144
u14 = 66.9355
u15 = 65.8506
u16 = 64.7601
u17 = 63.6638
u18 = 62.5619
u19 = 61.4544
u2 = 79.4865
u20 = 60.3416
u21 = 59.2233
u22 = 58.0999
u23 = 56.9713
u24 = 55.8377
u25 = 54.6993
u26 = 53.5561
u27 = 52.4085
u28 = 51.2565
u29 = 50.1003
u3 = 78.4741
u30 = 48.9401
u31 = 47.7762
u32 = 46.6088
u33 = 45.4381
u34 = 44.2645
u35 = 43.0881
u36 = 41.9094
u37 = 40.7286
u38 = 39.5461
u39 = 38.3623
u4 = 77.4556
u40 = 37.1776
u41 = 35.9925
u42 = 34.8073
u43 = 33.6227
u44 = 32.4391
u45 = 31.257
u46 = 30.0772
u47 = 28.9003
u48 = 27.7268
u49 = 26.5577
u5 = 76.4309
u50 = 25.3936
u51 = 24.2354
u52 = 23.084
u53 = 21.9404
u54 = 20.8055
u55 = 19.6805
u56 = 18.5665
u57 = 17.4647
u58 = 16.3765
u59 = 15.3032
u6 = 75.4001
u60 = 14.2465
u61 = 13.2078
u62 = 12.1889
u63 = 11.1916
u64 = 10.2179
u65 = 9.26978
u66 = 8.3496
u67 = 7.4597
u68 = 6.60261
u69 = 5.78107
u7 = 74.3632
u70 = 4.99801
u71 = 4.25653
u72 = 3.56
u73 = 2.91199
u74 = 2.31635
u75 = 1.7772
u76 = 1.29894
u77 = 0.886335
u78 = 0.544461
u79 = 0.27879
u8 = 73.3202
u80 = 0.0951961
u81 = 0
u9 = 72.2711
x1 = -0.00613417
x10 = -0.0576642
x11 = -0.0629514
x12 = -0.0681444
x13 = -0.0732415
x14 = -0.0782406
x15 = -0.0831398
x16 = -0.087937
x17 = -0.0926301
x18 = -0.0972168
x19 = -0.101695
x2 = -0.0121907
x20 = -0.106063
x21 = -0.110317
x22 = -0.114456
x23 = -0.118476
x24 = -0.122376
x25 = -0.126153
x26 = -0.129804
x27 = -0.133326
x28 = -0.136716
x29 = -0.139971
x3 = -0.0181681
x30 = -0.143089
x31 = -0.146066
x32 = -0.148899
x33 = -0.151585
x34 = -0.154119
x35 = -0.156499
x36 = -0.158721
x37 = -0.16078
x38 = -0.162674
x39 = -0.164398
x4 = -0.024065
x40 = -0.165948
x41 = -0.16732
x42 = -0.168508
x43 = -0.169509
x44 = -0.170318
x45 = -0.170929
x46 = -0.171339
x47 = -0.17154
x48 = -0.171529
x49 = -0.171299
x5 = -0.0298797
x50 = -0.170844
x51 = -0.170159
x52 = -0.169237
x53 = -0.168071
x54 = -0.166655
x55 = -0.164982
x56 = -0.163045
x57 = -0.160835
x58 = -0.158346
x59 = -0.155568
x6 = -0.0356106
x60 = -0.152494
x61 = -0.149115
x62 = -0.145421
x63 = -0.141404
x64 = -0.137052
x65 = -0.132356
x66 = -0.127305
x67 = -0.121888
x68 = -0.116093
x69 = -0.109908
x7 = -0.0412563
x70 = -0.10332
x71 = -0.0963156
x72 = -0.0888816
x73 = -0.0810031
x74 = -0.072665
x75 = -0.0638515
x76 = -0.0545459
x77 = -0.044731
x78 = -0.0343885
x79 = -0.0234993
x8 = -0.0468149
x80 = -0.0120435
x9 = -0.0522848

