MINOS 5.5: optimal solution found.
0 iterations, objective 0
Nonlin evals: constrs = 5, Jac = 4.
Objective = find a feasible point.
X1 = -0.043165
X10 = -0.0754165
X2 = -0.0815772
X3 = -0.114486
X4 = -0.140974
X5 = -0.159909
X6 = -0.169877
X7 = -0.16909
X8 = -0.15525
X9 = -0.125356

