MINOS 5.5: optimal solution found.
0 iterations, objective 0
Nonlin evals: constrs = 5, Jac = 4.
Objective = find a feasible point.
X1 = -0.00613417
X10 = -0.0576642
X11 = -0.0629514
X12 = -0.0681444
X13 = -0.0732415
X14 = -0.0782406
X15 = -0.0831398
X16 = -0.087937
X17 = -0.0926301
X18 = -0.0972168
X19 = -0.101695
X2 = -0.0121907
X20 = -0.106063
X21 = -0.110317
X22 = -0.114456
X23 = -0.118476
X24 = -0.122376
X25 = -0.126153
X26 = -0.129804
X27 = -0.133326
X28 = -0.136716
X29 = -0.139971
X3 = -0.0181681
X30 = -0.143089
X31 = -0.146066
X32 = -0.148899
X33 = -0.151585
X34 = -0.154119
X35 = -0.156499
X36 = -0.158721
X37 = -0.16078
X38 = -0.162674
X39 = -0.164398
X4 = -0.024065
X40 = -0.165948
X41 = -0.16732
X42 = -0.168508
X43 = -0.169509
X44 = -0.170318
X45 = -0.170929
X46 = -0.171339
X47 = -0.17154
X48 = -0.171529
X49 = -0.171299
X5 = -0.0298797
X50 = -0.170844
X51 = -0.170159
X52 = -0.169237
X53 = -0.168071
X54 = -0.166655
X55 = -0.164982
X56 = -0.163045
X57 = -0.160835
X58 = -0.158346
X59 = -0.155568
X6 = -0.0356106
X60 = -0.152494
X61 = -0.149115
X62 = -0.145421
X63 = -0.141404
X64 = -0.137052
X65 = -0.132356
X66 = -0.127305
X67 = -0.121888
X68 = -0.116093
X69 = -0.109908
X7 = -0.0412563
X70 = -0.10332
X71 = -0.0963156
X72 = -0.0888816
X73 = -0.0810031
X74 = -0.072665
X75 = -0.0638515
X76 = -0.0545459
X77 = -0.044731
X78 = -0.0343885
X79 = -0.0234993
X8 = -0.0468149
X80 = -0.0120435
X9 = -0.0522848

