MINOS 5.5: optimal solution found.
59 iterations, objective 0
Nonlin evals: constrs = 151, Jac = 150.
Objective = find a feasible point.
a = 0.402213
b = 1.0874
c = -0.058537
u = -0.274269
v = -0.344947
w = -0.897657

